192,76,58
193,77,59
195,79,60
196,81,62
198,83,63
199,84,64
201,86,65
202,88,66
204,90,67
205,91,69
207,93,70
208,95,71
209,96,72
211,98,73
212,100,75
214,102,76
215,103,77
216,105,78
218,107,80
219,108,81
220,110,82
221,112,83
222,113,85
225,117,87
226,118,88
227,120,90
228,121,91
229,123,92
230,125,93
231,126,95
232,128,96
234,130,97
234,131,99
235,133,100
236,134,101
237,136,103
238,137,104
239,139,105
240,141,107
241,142,108
241,144,109
242,145,111
243,147,112
244,148,113
244,149,115
246,152,117
246,154,119
247,155,120
248,157,122
248,158,123
248,158,123
249,160,124
249,161,126
250,162,127
250,164,128
251,165,130
251,166,131
251,168,133
252,169,134
252,170,135
252,172,137
253,173,138
253,174,139
253,175,141
253,177,142
254,178,144
254,179,145
254,180,146
254,181,148
254,183,149
254,184,151
254,185,152
254,186,153
254,187,155
254,189,157
254,190,159
254,191,160
254,192,162
254,193,163
254,194,164
253,195,166
253,196,167
253,197,168
253,198,170
252,199,171
252,200,172
252,201,174
251,202,175
251,203,176
251,203,178
250,204,179
250,205,180
249,206,182
249,207,183
248,207,184
248,208,185
247,209,187
246,209,188
246,210,189
245,211,190
245,211,192
244,212,193
243,212,194
242,213,197
241,214,198
240,214,199
239,215,200
238,215,201
238,216,202
237,216,204
236,217,205
235,217,206
234,217,207
233,218,208
232,218,209
231,218,210
230,219,211
229,219,213
228,219,214
226,219,215
225,219,216
224,220,217
223,220,218
222,220,219
221,220,220
219,220,221
218,219,222
217,219,223
215,218,224
214,218,225
212,217,226
211,217,227
208,216,229
207,215,230
205,214,231
204,214,231
202,213,232
201,212,233
199,211,234
198,211,235
196,210,236
195,209,236
193,208,237
192,207,237
190,207,238
188,206,239
187,205,239
185,204,240
184,203,241
182,202,241
182,202,241
181,201,242
179,200,242
178,199,242
176,198,243
175,197,243
173,196,244
171,195,244
170,194,244
168,193,245
167,192,245
165,191,245
164,189,246
162,188,246
160,187,246
159,186,246
157,185,246
156,183,246
154,182,246
152,181,247
151,179,247
149,178,247
148,177,247
146,176,247
145,174,247
145,174,247
143,173,247
141,171,246
140,170,246
138,169,246
137,167,246
135,166,246
134,164,246
132,163,246
130,161,245
129,160,245
127,158,245
126,157,244
124,155,244
123,154,244
121,152,243
120,150,243
118,149,243
117,147,242
115,145,242
114,144,241
112,142,241
111,141,240
109,139,240
108,137,239
106,135,238
105,134,238
103,132,237
102,130,236
100,128,236
99,127,235
97,125,234
96,123,234
94,121,233
93,119,232
92,117,231
90,116,230
89,114,230
87,112,229
86,110,228
86,110,228
84,108,227
83,106,226
82,104,225
80,102,224
79,100,223
78,98,222
76,96,221
75,94,220
74,92,219
72,90,218
71,88,217
70,86,216
68,84,215
67,82,214
66,79,212
64,77,211
63,75,210
62,73,209
61,70,207
60,68,206
58,66,205
57,63,204
56,61,202
55,59,201
53,56,200
52,53,198
51,50,197
50,48,196
49,45,194
48,42,193
46,40,191
45,35,190
44,31,188
43,26,187
42,22,185
41,17,184
40,13,182
39,8,181
38,3,179
38,3,179
